(18.02.2025)
ID UNIQUE:
2025:	14 078
2024:	14 130
2023:	13 814
2022:	13 615
2021:	13 359
2020:	13 159
2019:	12 955
2018:	12 769
2017:	12 540
2016:	12 374
2015:	12 319
2014:	11 057
2013:	10 801
2012:	10 247
2011:	9 991
2010:	10 123
2009:	9 384
2008:	8 393
2007:	7 904

ALL VALUES:
2025:	  671 344
2024:	4 592 186
2023:	4 687 530
2022:	5 048 606
2021:	4 287 387
2020:	3 863 795
2019:	4 214 434
2018:	3 885 692
2017:	3 662 353
2016:	3 894 247
2015:	3 307 860
2014:	2 199 274
2013:	2 152 004
2012:	1 904 467
2011:	1 613 150
2010:	1 445 254
2009:	1 398 296
2008:	1 422 158
2007:	866 993


VALEURS NULLES:
	id	lat	log	cp	ville	addre	nom	maj	val
2025:	0	69	68	0	0	31	4555	4555	4555	
2024:	0	69	68	0	0	285	4573	4573	4573
2023:	0	69	68	0	0	0	4177	4177	4177
2022:	0	68	67	0	0	0	4010	4010	4010
2021:	0	65	64	0	0	0	3695	3695	3695
2020:	0	69	68	0	0	0	3570	3570	3570
2019:	0	69	68	0	30	0	3295	3295	3295
2018:	0	69	68	0	53	0	3128	3128	3128
2017:	0	1181	1180	0	39	0	2870	2870	2870
2016:	0	2909	2908	0	0	0	2659	2659	2659
2015:	0	3614	3612	0	0	0	2601	2601	2601
2014:	0	3163	2866	0	0	2	1326	1326	1326
2013: 	0	81	81	0	0	0	1415	1415	1415
2012:	0	65	65	0	0	0	1229	1229	1229
2011:	0	88	88	0	0	0	1338	1338	1338
2010: 	0	66	66	0	0	0	1718	1718	1718
2009:	0	22	22	0	0	0	1229	1229	1229
2008: 	0	8	8	0	0	0	604	604	604
2007: 	0	213	213	0	0	0	548	548	548

